"","Day","Hour","Mean","Median","IQR","LowerCL","UpperCL","n_sample","N_pop","Proportion_Delay","Mean_adj","LowerCL_adj","UpperCL_adj"
"1",1,0,0.239798488664987,-5,20,-0.90548485405636,1.38508183138633,1985,3770,0.345088161209068,8.19244332493703,6.80570144621114,9.57918520366291
"2",1,1,-3.06840731070496,-8,19,-4.44263008617704,-1.69418453523289,1915,1932,0.284595300261097,6.70913838120104,4.6582884241531,8.75998833824898
"3",1,2,1.25988700564972,-8,21,-3.24421176936743,5.76398578066686,354,357,0.299435028248588,11.4350282485876,4.76857642435579,18.1014800728194
"4",1,3,4.80633802816901,-4,24.25,1.21361593424529,8.39906012209273,284,293,0.419014084507042,11.9049295774648,7.82052953330805,15.9893296216215
"5",1,4,-3.33802816901408,-8,17.25,-5.98337595785124,-0.692680380176934,284,289,0.26056338028169,6.14788732394366,2.81387657566296,9.48189807222436
"6",1,5,-3.3865671641791,-7,14,-4.63066480757562,-2.14246952078259,2010,32402,0.229850746268657,5.21741293532338,3.05360993373275,7.38121593691401
"7",1,6,-1.56626506024096,-6,15,-2.92412886534542,-0.208401255136511,1992,203515,0.280120481927711,6.39658634538153,4.23606852041596,8.55710417034709
"8",1,7,-0.667716535433071,-6,16,-1.98757150082622,0.652138429960082,1905,188746,0.299737532808399,7.15800524934383,5.2186801988279,9.09733029985977
"9",1,8,0.776851397743992,-5,16,-0.61511152537271,2.16881432086069,2039,191221,0.328592447278078,8.20892594409024,6.20963175278337,10.2082201353971
"10",1,9,1.59282700421941,-5,18,0.307676392169911,2.87797761626891,1896,164778,0.352848101265823,8.72626582278481,7.0655071305541,10.3870245150155
"11",1,10,3.42752867570386,-4,19,1.9397890186695,4.91526833273821,1918,177835,0.369134515119917,10.2367049009385,8.25887757016485,12.2145322317121
"12",1,11,5.33214649033571,-3,19,3.77216205892434,6.89213092174708,1966,179083,0.393692777212614,11.7995930824008,9.78563051341158,13.8135556513901
"13",1,12,6.25523012552301,-3,20,4.60593953734574,7.90452071370029,1912,169138,0.396443514644351,12.7970711297071,10.6938406790669,14.9003015803473
"14",1,13,7.04668674698795,-3,21.25,5.46392088587369,8.62945260810222,1992,176971,0.422690763052209,13.2018072289157,11.2470239627817,15.1565904950496
"15",1,14,8.00693756194252,-2,23,6.36888165913443,9.6449934647506,2018,166832,0.449454905847374,14.1560951437066,12.1773959701008,16.1347943173125
"16",1,15,7.34273986659826,-2,23,5.7500117864711,8.93546794672541,1949,167978,0.436121087737301,13.440738840431,11.5079717140454,15.3735059668166
"17",1,16,9.90980597797588,-2,24,8.06277715143596,11.7568348045158,1907,169303,0.440482433141059,15.9816465652858,13.729764529368,18.2335286012036
"18",1,17,9.34961439588689,-2,27,7.64350599234389,11.0557227994299,1945,190163,0.45706940874036,15.6143958868895,13.6242637824709,17.604527991308
"19",1,18,9.24665981500514,-2,26,7.26283195598025,11.23048767403,1946,160382,0.442446043165468,15.8155190133607,13.3232665623457,18.3077714643758
"20",1,19,9.85664854176965,-2,27,8.20895444951567,11.5043426340236,2023,164969,0.443400889767672,16.2521008403361,14.3831474408715,18.1210542398007
"21",1,20,9.05455455455455,-1,27,7.50468715222375,10.6044219568854,1998,114579,0.454454454454454,15.2032032032032,13.4597079100745,16.9466984963319
"22",1,21,8.49305198147195,-2,24,6.93471521563199,10.0513887473119,1943,86660,0.449305198147195,14.6505404014411,12.8715915881623,16.4294892147199
"23",1,22,5.39038563127311,-4,21,3.9116258451531,6.86914541739313,1893,43376,0.393555203380877,12.2266244057052,10.4559692053355,13.997279606075
"24",1,23,4.06569709127382,-4,21,1.71162978191241,6.41976440063523,1994,13651,0.389167502507523,11.7542627883651,8.31364119610553,15.1948843806247
"25",2,0,0.211653386454183,-6,18,-1.24298983466739,1.66629660757576,2008,3188,0.339143426294821,8.39442231075697,6.33761487143674,10.4512297500772
"26",2,1,-2.66422018348624,-7,20,-3.87621085069366,-1.45222951627882,1635,1643,0.310091743119266,7.02262996941896,5.5758326791623,8.46942725967562
"27",2,2,1.08746355685131,-8,22,-4.91982124156828,7.0947483552709,343,346,0.314868804664723,11.0612244897959,1.37138017027347,20.7510688093184
"28",2,3,14.0110294117647,-1,32.75,8.77968141613545,19.242377407394,272,276,0.455882352941176,20.7941176470588,15.0681833430701,26.5200519510476
"29",2,4,-0.04,-6.5,20,-3.46713506828262,3.38713506828262,250,256,0.372,8.536,4.42013274376462,12.6518672562354
"30",2,5,-3.04832904884319,-8,14,-4.31432939553702,-1.78232870214935,1945,31341,0.239588688946015,5.70745501285347,3.59844827838395,7.81646174732299
"31",2,6,-2.26364099949006,-7,15,-3.98998460044367,-0.537297398536439,1961,199790,0.261601223865375,6.62927078021418,3.62822200360417,9.63031955682419
"32",2,7,-2.43969849246231,-7,16,-3.56509895398517,-1.31429803093945,1990,184382,0.277386934673367,6.29447236180904,4.70065636666193,7.88828835695616
"33",2,8,0.240419947506562,-6,17,-1.17248468383638,1.6533245788495,1905,186312,0.326509186351706,8.12020997375328,6.11603481177173,10.1243851357348
"34",2,9,0.796843177189409,-5,17,-0.527530515975275,2.12121687035409,1964,160530,0.344195519348269,8.07230142566191,6.25052125768893,9.8940815936349
"35",2,10,2.03398558187436,-4,17,0.690157618042792,3.37781354570592,1942,170902,0.354788877445932,9.05818743563337,7.27898182054652,10.8373930507202
"36",2,11,3.52218255991841,-4,19,2.01481950930156,5.02954561053525,1961,172906,0.360020397756247,10.6308006119327,8.62302950263157,12.6385717212338
"37",2,12,2.62433862433862,-4,17,1.22425774454571,4.02441950413154,1890,164692,0.374074074074074,9.26084656084656,7.40165130579142,11.1200418159017
"38",2,13,4.33707292197858,-4,20,2.91843570040035,5.75571014355681,1961,172664,0.389087200407955,11.0560938296787,9.28718135567935,12.8250063036781
"39",2,14,3.65553869499241,-4,20,2.20848164249836,5.10259574748646,1977,163137,0.380880121396055,10.6621143146181,8.80565960213671,12.5185690270995
"40",2,15,5.42021276595745,-3,21,3.92015585129071,6.92026968062419,1880,164069,0.411702127659574,12.1005319148936,10.2905860734467,13.9104777563406
"41",2,16,6.82997542997543,-3,21,5.24269619087734,8.41725466907352,2035,165378,0.406879606879607,13.5660933660934,11.6271899885474,15.5049967436393
"42",2,17,8.48053278688525,-2,24,6.56353530139703,10.3975302723735,1952,184640,0.433401639344262,15.1004098360656,12.6738741015914,17.5269455705398
"43",2,18,7.38278481012658,-3,24,5.79891816701555,8.96665145323761,1975,153701,0.428860759493671,14.3843037974684,12.5661311970444,16.2024763978923
"44",2,19,6.82202957674656,-4,25,5.20505997251735,8.43899918097576,1961,158222,0.402345741968383,14.4074451810301,12.5297636427446,16.2851267193156
"45",2,20,6.53090172239108,-5,23,4.86443246474786,8.19737098003431,1974,110397,0.38145896656535,13.8627152988855,11.8000633808322,15.9253672169388
"46",2,21,5.6624811652436,-4,23,4.18137749911724,7.14358483136995,1991,78061,0.39728779507785,12.720241084882,10.9542623905526,14.4862197792114
"47",2,22,2.73153066151618,-5,20,0.975556657289246,4.48750466574311,2071,39517,0.353935296957991,10.5123128923225,7.98283667406873,13.0417891105764
"48",2,23,0.588552915766739,-6,21,-0.814947041461214,1.99205287299469,1852,12348,0.346112311015119,9.1976241900648,7.40124116698382,10.9940072131458
"49",3,0,-1.38411588411588,-5,19,-2.37423543873133,-0.393996329500442,2002,2947,0.335664335664336,6.76123876123876,5.61619613830673,7.90628138417079
"50",3,1,-3.44829800899165,-8,19,-4.68943300313567,-2.20716301484763,1557,1566,0.283879254977521,6.31085420680796,4.682887084452,7.93882132916392
"51",3,2,-0.657534246575342,-8,22,-5.23637502158311,3.92130652843242,292,302,0.301369863013699,9.29452054794521,2.32653060154013,16.2625104943503
"52",3,3,10.6637931034483,-1,28.25,5.66090353351845,15.6666826733781,232,240,0.474137931034483,16.9439655172414,11.3073100797729,22.5806209547099
"53",3,4,0.165938864628821,-7,18,-3.99351957879247,4.32539730805012,229,230,0.283842794759825,9.39301310043668,3.68589136485416,15.1001348360192
"54",3,5,-2.43831337844872,-8,13,-4.19965271584485,-0.676974041052604,1921,31297,0.218115564809995,6.66423737636648,3.34298134814068,9.98549340459227
"55",3,6,-3.3391167192429,-8,15,-4.49668001771067,-2.18155342077513,1902,198863,0.23869610935857,5.60147213459516,3.78483562712205,7.41810864206828
"56",3,7,-1.31714876033058,-6,16,-2.59608182336138,-0.0382156972997769,1936,183547,0.290805785123967,6.86776859504132,4.97499470722409,8.76054248285856
"57",3,8,-0.858889454915945,-6,17,-2.17541410489181,0.457635195059924,1963,185885,0.295975547631177,7.30208863983698,5.37236855000758,9.23180872966639
"58",3,9,-0.227617602427921,-6,16,-1.46496604803765,1.0097308431818,1977,159883,0.316135558927668,7.64339908952959,5.9441849200161,9.34261325904308
"59",3,10,2.0045615813482,-5,17,0.593751757725049,3.41537140497135,1973,170653,0.339584389254942,9.31677648251394,7.38317429096954,11.2503786740583
"60",3,11,1.98703991705547,-5,17,0.620290187283984,3.35378964682695,1929,172111,0.337998963193364,9.20425090720581,7.36403400554283,11.0444678088688
"61",3,12,2.83158420789605,-4,17,1.54172564387493,4.12144277191718,2001,164660,0.367316341829085,9.43628185907047,7.77571951857219,11.0968441995687
"62",3,13,5.02680412371134,-3,19,3.61795863448639,6.43564961293629,1940,172975,0.408247422680412,11.439175257732,9.72969857543075,13.1486519400332
"63",3,14,5.9349764027268,-3,19.5,4.02322138750002,7.84673141795357,1907,163604,0.40744625065548,12.325642370215,9.72221658076811,14.9290681596619
"64",3,15,8.29411764705882,-2,21,6.53361395870771,10.0546213354099,1989,164513,0.427350427350427,14.1995977878331,11.9609055297528,16.4382900459134
"65",3,16,9.26573426573426,-3,24,7.34571466632805,11.1857538651405,2002,166687,0.422577422577423,15.5849150849151,13.1302713822106,18.0395587876195
"66",3,17,9.25416666666667,-3,24,7.39740092553802,11.1109324077953,1920,187210,0.427604166666667,15.9171875,13.6493362885168,18.1850387114832
"67",3,18,9.08337730870712,-2,26,7.29195679313877,10.8747978242755,1895,157738,0.451715039577836,15.5630606860158,13.4297489621058,17.6963724099259
"68",3,19,10.1919087136929,-3,27,8.11469382300359,12.2691236043823,1928,162597,0.429460580912863,16.917531120332,14.2925458084392,19.5425164322247
"69",3,20,11.4111166750125,-2,27,9.47291829376812,13.3493150562569,1997,112912,0.443665498247371,17.7816725087631,15.4429658480339,20.1203791694924
"70",3,21,7.69597855227882,-2,23,6.08492962201663,9.30702748254101,1865,82918,0.433780160857909,14.0627345844504,12.1670792043207,15.9583899645801
"71",3,22,4.67413441955193,-3,21,3.24101431297519,6.10725452612868,1964,43151,0.393584521384929,11.5646639511202,9.82005271126722,13.3092751909731
"72",3,23,2.47893114080164,-5,22,0.882965785328377,4.07489649627491,1946,13179,0.373586844809866,10.3591983556012,8.23041832123779,12.4879783899647
"73",4,0,-1.01578411405295,-5,19,-2.0981570000466,0.066588771940699,1964,3383,0.334012219959267,7.15071283095723,5.83073520804287,8.47069045387159
"74",4,1,-3.07405313736574,-8,20,-4.63886864763147,-1.50923762710002,1769,1779,0.305822498586772,6.67665347654042,4.3004538060963,9.05285314698453
"75",4,2,-3.96941896024465,-8,21,-6.60027160878843,-1.33856631170087,327,330,0.296636085626911,6.21100917431193,2.99811990312951,9.42389844549434
"76",4,3,10.130612244898,-3,33,4.75469024948806,15.5065342403079,245,248,0.436734693877551,17.5632653061224,11.2705460364227,23.8559845758222
"77",4,4,-1.19262295081967,-8,15,-5.61385470035035,3.22860879871101,244,247,0.237704918032787,7.98360655737705,0.587686903878851,15.3795262108752
"78",4,5,-2.44672131147541,-7,13,-3.81388393151137,-1.07955869143945,1952,32354,0.244877049180328,5.79610655737705,3.44491617271841,8.14729694203569
"79",4,6,-1.59909228441755,-7,14,-3.03715397956391,-0.161030589271186,1983,203240,0.262733232476046,6.73474533535048,4.36785583613867,9.10163483456229
"80",4,7,-1.60686827268068,-6,16.5,-3.07406426199962,-0.139672283361732,1951,188918,0.297283444387494,6.5228088159918,4.20435687517156,8.84126075681204
"81",4,8,0.844800827728919,-5,18,-0.519359299402019,2.20896095485986,1933,190766,0.329539575788929,8.58717020175892,6.72129094017911,10.4530494633387
"82",4,9,1.90551583248212,-5,17,0.268338750881926,3.54269291408232,1958,164486,0.337078651685393,9.18079673135853,6.76672934350803,11.594864119209
"83",4,10,3.88947927736451,-4,19,2.35045949347779,5.42849906125122,1882,177033,0.383103081827843,10.5892667375133,8.55909897006605,12.6194345049605
"84",4,11,4.51768809167912,-4,19,2.88790802076498,6.14746816259327,2007,177948,0.385650224215247,11.2137518684604,9.01593068063531,13.4115730562855
"85",4,12,6.95549104983067,-2,22,5.14635492754906,8.76462717211229,2067,167613,0.424770198355104,13.0469279148524,10.6512168678687,15.4426389618362
"86",4,13,8.96792260692464,-2,22,7.1145560250679,10.8212891887814,1964,174953,0.432790224032587,14.8100814663951,12.4458057617293,17.174357171061
"87",4,14,7.53195772521389,-2,21,5.9026545141597,9.16126093626809,1987,165190,0.443381982888777,13.5254151987921,11.5274058212586,15.5234245763257
"88",4,15,9.65034619188922,-1,24,7.90111636017622,11.3995760236022,2022,165717,0.455984174085064,15.5222551928783,13.4039910741211,17.6405193116356
"89",4,16,11.1676646706587,0,25,9.41194784660674,12.9233814947106,2004,167309,0.472055888223553,16.439121756487,14.3488131468056,18.5294303661685
"90",4,17,11.4549665465775,0,28,9.6621678975341,13.2477651956208,1943,187902,0.497683993823984,17.1338136901698,15.0772435741039,19.1903838062358
"91",4,18,14.0529233870968,1,28,12.1684062280251,15.9374405461684,1984,158905,0.508568548387097,19.4390120967742,17.3033221370845,21.5747020564639
"92",4,19,13.276781137878,1,30,11.3494643337185,15.2040979420376,1951,164895,0.506406970784213,18.771911840082,16.5476718343082,20.9961518458558
"93",4,20,15.5392156862745,2,32,13.5243005290723,17.5541308434767,1938,115244,0.530443756449948,20.4484004127967,18.144532558913,22.7522682666804
"94",4,21,12.8851042196238,0,30,10.9106778999639,14.8595305392837,1967,87561,0.485002541942044,18.3182511438739,15.9593182677526,20.6771840199952
"95",4,22,7.257824933687,-3,23,5.6888233072768,8.82682656009721,1885,46114,0.415915119363395,13.7151193633952,11.8644413749829,15.5657973518076
"96",4,23,6.16376663254862,-3,24,4.39553705395411,7.93199621114312,1954,14727,0.420163766632549,13.4800409416581,11.2591104800152,15.7009714033011
"97",5,0,2.45635910224439,-4,21,0.932546678368522,3.98017152612026,2005,3678,0.379551122194514,9.97705735660848,7.94170644575554,12.0124082674614
"98",5,1,-1.06455026455026,-7,19,-2.80627637521339,0.677175846112864,1890,1904,0.319047619047619,8.30634920634921,5.66269239789144,10.950006014807
"99",5,2,-1.55747126436782,-7,19.25,-4.41888885913635,1.30394633040072,348,351,0.310344827586207,8.08045977011494,4.63918688906701,11.5217326511629
"100",5,3,12.9311594202899,1,32.25,8.03784535738998,17.8244734831897,276,279,0.503623188405797,18.7173913043478,13.2370141433683,24.1977684653274
"101",5,4,-2.09285714285714,-7,17,-4.94155304856102,0.755838762846736,280,284,0.303571428571429,6.475,2.74399068024645,10.2060093197535
"102",5,5,-2.32862190812721,-7,15,-3.63815573676873,-1.01908807948569,1981,32266,0.259969712266532,6.13276123170116,4.0036518161181,8.26187064728422
"103",5,6,-1.67707317073171,-6,14,-3.15807017194928,-0.19607616951413,2050,202290,0.275121951219512,6.19707317073171,3.71306582571735,8.68108051574606
"104",5,7,0.291501976284585,-6,16,-1.21617958217792,1.79918353474709,2024,188064,0.315217391304348,8.14229249011858,5.88161090183872,10.4029740783984
"105",5,8,0.456598093326643,-5,17,-0.984522240873492,1.89771842752678,1993,190043,0.33567486201706,7.99799297541395,5.90845539164136,10.0875305591865
"106",5,9,2.20639834881321,-5,18,0.855134483284717,3.5576622143417,1938,163913,0.349329205366357,9.39318885448916,7.62091075963311,11.1654669493452
"107",5,10,2.97399286078531,-4,20,1.58419528881949,4.36379043275114,1961,176778,0.372259051504335,9.68332483426823,7.85573492244548,11.510914746091
"108",5,11,4.28564307078764,-3,19,2.78371030997797,5.78757583159731,2006,177939,0.39531405782652,10.7083748753739,8.73773096471432,12.6790187860334
"109",5,12,5.81429290387519,-3,20,4.19473608446086,7.43384972328952,1987,168024,0.401610468042275,12.064418721691,9.9529535192702,14.1758839241118
"110",5,13,6.96759720837488,-2,22,5.35444209789989,8.58075231884986,2006,175966,0.425722831505484,12.963110667996,10.9324918032888,14.9937295327032
"111",5,14,8.63691376701967,-2,22,6.90656534149437,10.367262192545,1983,166107,0.443772062531518,14.423096318709,12.2727651043206,16.5734275330975
"112",5,15,9.37068114511352,-1,25,7.6285392308245,11.1128230594026,2026,167087,0.454096742349457,15.1722606120434,13.0408813825366,17.3036398415503
"113",5,16,10.3096212896622,-1,24,8.36970895282811,12.2495336264964,1954,168995,0.458034800409417,16.003582395087,13.580718420624,18.42644636955
"114",5,17,10.7089249492901,-1,27,8.68000401218655,12.7378458863936,1972,190792,0.461967545638945,16.9447261663286,14.4370390959424,19.4524132367148
"115",5,18,13.79887697805,1,30,11.8398091660763,15.7579447900238,1959,161331,0.505359877488515,19.5007656967841,17.2608177712769,21.7407136222913
"116",5,19,13.2730607966457,-1,30,11.280559861862,15.2655617314294,1908,167859,0.479559748427673,19.3008385744235,16.995510583798,21.6061665650489
"117",5,20,13.4156334231806,0,29,11.241434618678,15.5898322276832,1855,117582,0.490566037735849,19.1288409703504,16.5131572923582,21.7445246483426
"118",5,21,11.3815987933635,0,29,9.6362056809026,13.1269919058244,1989,89112,0.483157365510307,17.1759678230266,15.1802721291987,19.1716635168546
"119",5,22,6.9155227032735,-3,22,5.2089779319287,8.62206747461829,1894,46955,0.421858500527983,13.3526927138332,11.2110574567359,15.4943279709304
"120",5,23,2.94333843797856,-4,23,1.40287125738696,4.48380561857016,1959,15105,0.386421643695763,10.7708014293007,8.79799549622549,12.7436073623758
"121",6,0,0.7002002002002,-5,19,-0.669726297403693,2.07012669780409,1998,3729,0.352852852852853,8.52802802802803,6.67580404413189,10.3802520119242
"122",6,1,-1.4546908315565,-6,19,-2.7603654769731,-0.149016186139904,1876,1892,0.330490405117271,7.4045842217484,5.65135494781194,9.15781349568486
"123",6,2,2.81081081081081,-6,20.75,-1.54028654518516,7.16190816680678,370,374,0.359459459459459,11.7540540540541,5.68951423803154,17.8185938700766
"124",6,3,15.5839160839161,0,29,10.1034228602679,21.0644093075643,286,287,0.496503496503497,21.3741258741259,15.077434764714,27.6708169835377
"125",6,4,3.25724637681159,-5.5,19,-1.532870399148,8.04736315277119,276,280,0.33695652173913,11.0507246376812,4.10236301728134,17.999086258081
"126",6,5,-2.14254859611231,-7,15,-3.56099504350071,-0.724102148723917,1852,25323,0.263498920086393,6.31857451403888,4.00255761689281,8.63459141118495
"127",6,6,-2.75562218890555,-8,15,-4.32500816796492,-1.18623620984618,2001,157291,0.246376811594203,6.4687656171914,3.73265374143782,9.20487749294499
"128",6,7,-2.55861365953109,-7,16,-3.94023013533244,-1.17699718372974,1962,164916,0.253822629969419,6.38583078491335,4.12373296945214,8.64792860037457
"129",6,8,-0.712424849699399,-7,16,-2.19956914571824,0.774719446319446,1996,171616,0.289579158316633,7.82965931863727,5.54395863038206,10.1153600068925
"130",6,9,1.7593984962406,-5,18,0.35168773899094,3.16710925349026,1995,151508,0.342355889724311,9.25563909774436,7.33598184471124,11.1752963507775
"131",6,10,1.77113198220465,-5,17.5,0.283278994972443,3.25898496943685,2023,161395,0.347009391992091,9.14532871972318,7.05055812961744,11.2400993098289
"132",6,11,0.894117647058824,-5,18,-0.44464132360989,2.23287661772754,1955,159591,0.332992327365729,8.45882352941176,6.62987060495328,10.2877764538703
"133",6,12,2.03669250645995,-5,19,0.646286812343883,3.42709820057601,1935,153829,0.344186046511628,9.55297157622739,7.71244949043045,11.3934936620243
"134",6,13,3.3313192346425,-5,19,1.79049384754984,4.87214462173515,1986,156761,0.353474320241692,10.9647532729104,8.91492421521404,13.0145823306067
"135",6,14,3.56659836065574,-4,19,2.11452746610082,5.01866925521066,1952,146635,0.385758196721311,10.7587090163934,8.93264126183132,12.5847767709556
"136",6,15,4.07816439737771,-4,22,2.61205329945274,5.54427549530268,1983,143015,0.378719112455875,11.583459404942,9.78421864369529,13.3827001661887
"137",6,16,4.71861924686193,-5,21.25,3.1133273724651,6.32391112125875,1912,140906,0.364016736401674,12.4021966527197,10.3762906158433,14.428102689596
"138",6,17,5.13765978367748,-4,25,3.37570286698455,6.89961670037041,2034,145975,0.387413962635202,13.0408062930187,10.7476821598631,15.3339304261743
"139",6,18,4.96509783183501,-4,25,3.07505253044414,6.85514313322588,1891,111853,0.397673188789001,12.8910629296668,10.4011286694729,15.3809971898607
"140",6,19,3.48375812093953,-5,23,2.06741661724706,4.900099624632,2001,109534,0.36431784107946,11.6576711644178,9.98357765084389,13.3317646779917
"141",6,20,2.31753312945973,-6,20,0.898593100924157,3.73647315799531,1962,66962,0.340468909276249,10.6427115188583,8.86558860257332,12.4198344351433
"142",6,21,3.46889226100152,-5,22,1.87423566513636,5.06354885686668,1977,44010,0.363176530096105,11.4097116843703,9.3181289185569,13.5012944501836
"143",6,22,-0.304964539007092,-7,19,-1.53319964854397,0.923270570529782,1974,34574,0.315602836879433,8.33687943262411,6.77257945583096,9.90117940941726
"144",6,23,-0.100458949515553,-6,21,-1.69646604817253,1.49554814914142,1961,11959,0.327893931667517,9.24069352371239,6.99398214892569,11.4874048984991
"145",7,0,-0.923863055697496,-6,19,-2.27983279807182,0.432106686676823,1957,3208,0.337250894225856,7.25600408788963,5.33826568895737,9.17374248682188
"146",7,1,-2.27333705980995,-8,19,-4.31574369549648,-0.23093042412342,1789,1803,0.294019005030743,7.4097261039687,4.02052640454651,10.7989258033909
"147",7,2,-4.47457627118644,-7,21,-7.04908146070773,-1.90007108166516,354,358,0.31638418079096,6.04519774011299,2.96541378144127,9.12498169878471
"148",7,3,5.04626334519573,-5,24,1.14847724884744,8.94404944154402,281,286,0.387900355871886,12.7864768683274,8.30103843552273,17.2719153011321
"149",7,4,-1.19291338582677,-6,18.75,-3.94830064334267,1.56247387168912,254,258,0.31496062992126,7.11417322834646,4.07155291079771,10.1567935458952
"150",7,5,-3.06570098292809,-8,14,-4.49713337930762,-1.63426858654856,1933,22228,0.243662700465598,5.90946714950854,3.44319198144632,8.37574231757075
"151",7,6,-3.93530020703934,-8,15,-5.29163392484838,-2.57896648923029,1932,142527,0.228260869565217,5.73654244306418,3.40420668505343,8.06887820107494
"152",7,7,-4.97275879148093,-8,15,-6.12301110572472,-3.82250647723714,2019,152208,0.239722634967806,4.95393759286776,3.12165070706623,6.78622447866928
"153",7,8,-2.57527733755943,-8,17,-3.90825156010163,-1.24230311501723,1893,171822,0.268357105124142,6.84680401479134,4.84150468467024,8.85210334491244
"154",7,9,-1.72567237163814,-7,16,-2.99412437105999,-0.457220372216296,2045,155732,0.287041564792176,6.9398533007335,5.06301114281429,8.8166954586527
"155",7,10,0.301162203132895,-5,17,-1.16341529561473,1.76573970188052,1979,170086,0.320363820111167,8.03233956543709,5.86547629054043,10.1992028403337
"156",7,11,1.14499484004128,-6,18,-0.217743821445312,2.50773350152787,1938,174396,0.324045407636739,8.83952528379773,6.97398390147201,10.7050666661235
"157",7,12,2.88905930470348,-4,19,1.41592553387449,4.36219307553247,1956,166096,0.378834355828221,9.90593047034765,7.94754479584687,11.8643161448484
"158",7,13,4.802407221665,-3,21,3.37780003709219,6.2270144062378,1994,172836,0.396188565697091,11.4262788365095,9.66292775151832,13.1896299215007
"159",7,14,4.95412844036697,-4,21,3.4657012921993,6.44255558853465,2071,164225,0.375663930468373,11.9406084017383,10.0513919254323,13.8298248780443
"160",7,15,6.33847736625514,-3,23,4.80328600796111,7.87366872454917,1944,164406,0.426954732510288,12.8173868312757,10.9708058865863,14.6639677759651
"161",7,16,7.39782157676349,-2,23,5.76094060123847,9.0347025522885,1928,166995,0.425829875518672,13.6478215767635,11.6463833870694,15.6492597664575
"162",7,17,10.0670307845084,-2,25,8.08036075777297,12.0537008112439,2014,187717,0.449851042701092,16.5312810327706,14.0531407989875,19.0094212665537
"163",7,18,11.3661034306196,-1,26,9.54542797109351,13.1867788901456,1953,159428,0.471070148489503,17.4644137224782,15.3598125849479,19.5690148600086
"164",7,19,10.4942182001006,-2,26,8.63521074111077,12.3532256590903,1989,166526,0.454499748617396,16.640522875817,14.3944801696224,18.8865655820116
"165",7,20,11.3645047762695,-1,28,9.49141518227449,13.2375943702645,1989,117214,0.461538461538462,17.4720965309201,15.2485673105721,19.695625751268
"166",7,21,9.82962195753496,0,25.5,8.24659205247456,11.4126518625954,1931,88728,0.48575867426204,15.5851890212325,13.8213720444413,17.3490059980238
"167",7,22,5.19899749373434,-3,22,3.80284614038158,6.59514884708709,1995,46956,0.416541353383459,11.8431077694236,10.1935653167833,13.4926502220638
"168",7,23,3.53939714436806,-3,22,2.14629448226648,4.93249980646964,1891,15115,0.416710735060814,10.8307773664728,9.20066798469827,12.4608867482473
